# Cameras (49)
# PhotoID, X, Y, Z, Omega, Phi, Kappa, r11, r12, r13, r21, r22, r23, r31, r32, r33
DSC04045_geotag	77.1765467731307670	31.0988787503802160	2367.3783691923486000	3.9625884743687876	-5.6544785505985313	-100.5007317301510500	-0.1813612936900383	-0.9796610993557526	-0.0858615837272649	0.9784682356692984	-0.1885072329824314	0.0840531670998630	-0.0985291476533004	-0.0687688412174134	0.9927551830840918
DSC04046_geotag	77.1768599875600500	31.0988542898797000	2381.5190162776212000	0.8035591241465329	-1.5664048205160011	-96.4812313863531300	-0.1128355585670652	-0.9934678951623701	-0.0170199296270142	0.9932375880342177	-0.1132475494746359	0.0255751100478550	-0.0273355160702784	-0.0140190520235847	0.9995280064818251
DSC04047_geotag	77.1771651340470020	31.0988364283724370	2395.7957773840703000	-0.7146416848420578	0.7359490325695131	-92.3405300241378200	-0.0408352260531806	-0.9990814940831252	0.0129866274997142	0.9990833329615658	-0.0409954865349909	-0.0123233064624765	0.0128443805453749	0.0124714980812259	0.9998397289686061
DSC04048_geotag	77.1773777952897010	31.0986554358633070	2410.5518951915601000	-3.6979358929880162	3.9247732820293613	-176.4687016126660800	-0.9957605314480804	-0.0570593513952324	0.0721470334011877	0.0614493203219746	-0.9962951061735861	0.0601667885675366	0.0684466583713479	0.0643450995252833	0.9955776027637810
DSC04049_geotag	77.1772308771927270	31.0984371589065420	2403.6649259132073000	3.2609990433193987	6.0833407953871879	84.9460340954689740	0.0875979275038907	0.9950302893403534	0.0473426487670055	-0.9905028581355893	0.0819464683523748	0.1104031899439604	0.1059749551651340	-0.0565641195443386	0.9927586863170334
DSC04050_geotag	77.1769162636287690	31.0984587529063250	2391.7037538068930000	2.1382553395279227	0.8992287116078390	87.3555191299652880	0.0461328305897764	0.9982665144978726	0.0365476124260411	-0.9988120267498483	0.0455214579106764	0.0173876993747559	0.0156938574491868	-0.0373063386297245	0.9991806342881195
DSC04051_geotag	77.1766068363300950	31.0984696705129020	2377.0948278203350000	1.7694314360202967	-2.1053741827131933	89.3553023224228010	0.0112442641758078	0.9994471387914982	0.0312887085804502	-0.9992616908620858	0.0123807829901642	-0.0363701716794934	-0.0367374427334021	-0.0308566520225090	0.9988484506307110
DSC04052_geotag	77.1762999481699690	31.0984815240242480	2358.9688122286539000	1.8685292626184782	-3.7879683831748907	86.8587981177942080	0.0546771439257715	0.9978485603987738	0.0361754121222576	-0.9963161692169302	0.0569185903909750	-0.0641433162909886	-0.0660643692849776	-0.0325349746887736	0.9972848011139942
DSC04057_geotag	77.1775767656048970	31.0979241195222900	2398.4989252564255000	5.1676500997864778	2.2542420929599998	74.6992449288676140	0.2636815472126273	0.9615683227531144	0.0765402007922464	-0.9638074984499857	0.2593959469846052	0.0615536239350769	0.0393337970597314	-0.0900005742521807	0.9951646843830130
DSC04058_geotag	77.1772860890786210	31.0980172252996850	2387.5166151433868000	3.1932071918884710	-1.1039396500080172	79.0811547451577040	0.1893832525101440	0.9801686656602473	0.0583384138153379	-0.9817142138163384	0.1901780734148816	-0.0083368329221939	-0.0192661895466602	-0.0556927935195788	0.9982620531154821
DSC04059_geotag	77.1769889175558320	31.0981032287527160	2375.4468877044606000	2.6982484682812151	-2.8055809041979090	75.8177305433525250	0.2447137009954571	0.9678817685929186	0.0576201923855702	-0.9683591224418089	0.2469697344856021	-0.0358686524954747	-0.0489470584288383	-0.0470194882315324	0.9976940178219016
DSC04060_geotag	77.1767003978845450	31.0981889285588270	2359.8804153356982000	2.2028673867546376	-3.8667309601249569	72.9272757120139940	0.2929169693633200	0.9544654446437503	0.0565275511588496	-0.9537568028935660	0.2958461899463761	-0.0531318438270000	-0.0674359695804242	-0.0383503177981777	0.9969862803125863
DSC04061_geotag	77.1764117242420580	31.0982801866121470	2342.9546488391634000	1.4050627540420964	-4.4376380388034304	73.3473072551257130	0.2857104836751488	0.9572276758646786	0.0456584721253203	-0.9551873042751342	0.2883010935423383	-0.0670797526373947	-0.0773739831578729	-0.0244470043358677	0.9967023681667901
DSC04062_geotag	77.1761177500825540	31.0983631656896050	2328.1350570086070000	1.5652686041324086	-5.1162086455382543	67.2602977340566780	0.3850051654767948	0.9209847333652177	0.0596501757280334	-0.9185960219419354	0.3886475363046517	-0.0716550137588198	-0.0891760675777872	-0.0272068637024534	0.9956442213656634
DSC04063_geotag	77.1758202040385580	31.0984531626677770	2316.7012535370409000	0.5544782080867066	-6.6602484496094929	66.5643387926621700	0.3950349650935431	0.9170179009452555	0.0550049606808430	-0.9113153311543700	0.3987302077841684	-0.1025601706482341	-0.1159816518098632	-0.0096120105259835	0.9932048457881707
DSC04064_geotag	77.1761284125419990	31.0985047567548240	2323.3584813938000000	-1.3638065310415015	-6.1087258386633074	-91.9736030145653270	-0.0342435057433452	-0.9992109175699028	0.0201227364818738	0.9937319171485148	-0.0318980461333394	0.1071419222023428	-0.1064155024173780	0.0236655205306948	0.9940400816784343
DSC04065_geotag	77.1764338380629480	31.0985189195421690	2339.6824556372494000	-2.0200054908022169	-1.6013970386821295	-87.6606131255622360	0.0408027174561545	-0.9985054610831501	0.0363590763815469	0.9987763306436668	0.0417775267890411	0.0264665751725480	-0.0279460121335116	0.0352346767051558	0.9989882571698812
DSC04066_geotag	77.1767402673968800	31.0985357086032150	2355.8025521899735000	-2.5924413341495027	-0.1219123789805188	-87.4626817955551990	0.0442699834735233	-0.9979928875696711	0.0452809554184091	0.9990173377647902	0.0443209225451244	0.0001211201905696	-0.0021277708065979	0.0452310975447095	0.9989742841566520
DSC04067_geotag	77.1770489158349020	31.0985517303450470	2372.2121087247151000	-2.7225420793738491	0.8348085526176211	-84.4210846473795580	0.0972063340870178	-0.9942071324804965	0.0458596373543408	0.9951576026614812	0.0964181492085608	-0.0191019990642202	0.0145696423572023	0.0474944020712362	0.9987652413322558
DSC04068_geotag	77.1773573974091110	31.0985672485562890	2388.8134642714340000	-3.0742075110205600	2.3469854278252353	-84.8742599233233790	0.0892668140023044	-0.9947639083755918	0.0497614560799392	0.9951655328124268	0.0870257877590266	-0.0455200457719440	0.0409511687261421	0.0535843154126143	0.9977232697104567
DSC04069_geotag	77.1776659420959560	31.0985867583785240	2406.3355442474281000	-3.2185134182351161	2.8034185588140312	-83.3185597717385490	0.1162097700200166	-0.9919612693288422	0.0500812290524845	0.9920197394738355	0.1134381703558223	-0.0550328810856518	0.0489093635836618	0.0560769262516767	0.9972277836562744
DSC04070_geotag	77.1779733683966210	31.0986032856559400	2423.5760949553919000	-2.7346424405709557	2.5506308962051385	-80.5034754245567680	0.1648243241543565	-0.9855227331777017	0.0397225950437793	0.9853184743611441	0.1627057731145044	-0.0517139775867175	0.0445022049980399	0.0476631281512655	0.9978716249924879
DSC04071_geotag	77.1782834013790340	31.0986222327832210	2439.9580734604851000	-3.1299211236277737	3.1163175070872962	-83.3922417598337520	0.1149014942111575	-0.9922169561634601	0.0479912338845536	0.9918882449095643	0.1119514787724732	-0.0602044517530168	0.0543631882643770	0.0545195222133785	0.9970317274085899
DSC04072_geotag	77.1785900235658460	31.0986401920408820	2454.3740952407379000	-3.1450887203464757	3.2780303067994203	-82.9647880696888510	0.1222789048997184	-0.9913604567425504	0.0474585526931439	0.9908472021755418	0.1191812217240480	-0.0633850008224713	0.0571812150747683	0.0547748226429407	0.9968600841878500
DSC04073_geotag	77.1788935317889720	31.0986632306962210	2469.1441427829836000	-3.4512294465288447	3.1601108916855769	-84.7762162178752450	0.0909075234036287	-0.9943427652923258	0.0549389415572378	0.9943323912710244	0.0875760840195846	-0.0602787290596069	0.0551263807796729	0.0601073591052335	0.9966685444637696
DSC04074_geotag	77.1790614256861860	31.0984331309714860	2473.1792321961248000	-4.2480790088309019	3.2065436061714840	-174.5427969147242500	-0.9939089909637427	-0.0907162926175128	0.0625737319901007	0.0949533238741993	-0.9931266830139512	0.0684343318148779	0.0559355340251305	0.0739590815210756	0.9956913529271418
DSC04075_geotag	77.1790917389619300	31.0981600571433210	2469.1447898380834000	-1.1286479234277249	2.2216530523597169	-172.7994052937704600	-0.9913676660596733	-0.1245616587439414	0.0409211908716540	0.1252493152793376	-0.9920166282301421	0.0146839482754871	0.0387654448375555	0.0196825426674995	0.9990544718886396
DSC04076_geotag	77.1788037824300230	31.0980416561464710	2458.6569242736568000	2.5737785253741481	2.7621130353591115	88.6794320344945110	0.0230194438112697	0.9987757656962666	0.0437844157715542	-0.9985729301987297	0.0208595656708429	0.0491628070226545	0.0481892963316835	-0.0448536328279035	0.9978306185626882
DSC04077_geotag	77.1784994402019040	31.0980296816617030	2446.0974903807910000	1.6722584543557444	-0.5777998224946649	95.7794394660675290	-0.1006941583430559	0.9945228145509555	0.0280188831545642	-0.9948663189568544	-0.1003636035467542	-0.0129674395448314	-0.0100843383928975	-0.0291807885560957	0.9995232802183359
DSC04078_geotag	77.1781919606002730	31.0980144332016510	2432.9188960758120000	1.6433007539423943	-2.5327314456314469	96.5916789700864480	-0.1146807458118878	0.9931263646615339	0.0234168818204919	-0.9924190450087292	-0.1134868053489307	-0.0471718572419621	-0.0441901079880015	-0.0286490632632159	0.9986122698676142
DSC04079_geotag	77.1778874208972500	31.0979963585549230	2420.5170762670268000	1.8990002037336307	-4.3157109960114024	98.0158483807318820	-0.1390516131966122	0.9900334321319165	0.0223260414878585	-0.9874217747090064	-0.1369011031266638	-0.0790969455365961	-0.0752521607526079	-0.0330437773839574	0.9966168878151038
DSC04080_geotag	77.1775833885597540	31.0979731143018440	2407.0743245948947000	2.6082388459635824	-5.6304249063999317	92.3968479203803100	-0.0416189214089972	0.9982767927464137	0.0413679881633784	-0.9943047948968076	-0.0373165509809957	-0.0998270998682257	-0.0981113664463482	-0.0452870852099862	0.9941444762644984
DSC04081_geotag	77.1772705736797770	31.0979533015073810	2392.8163311291437000	2.5853176780444969	-6.2940428932874948	91.1353722065404530	-0.0196952505871303	0.9988840172108550	0.0429280475332231	-0.9937772125191381	-0.0148503655680226	-0.1103916596495773	-0.1096309672583534	-0.0448351068159841	0.9929606559248948
DSC04082_geotag	77.1769617795277010	31.0979333085480330	2374.7791479514108000	2.3612124613955721	-6.4915811205917402	91.9413279683776070	-0.0336588850353843	0.9987352684020748	0.0373489371737761	-0.9930181994723663	-0.0291921185171689	-0.1142920632989875	-0.1130572199146740	-0.0409351177635480	0.9927448721392870
DSC04083_geotag	77.1766563958047980	31.0979222834932970	2354.8530770434118000	1.8280312819547293	-6.8184064120256282	97.3777163084594830	-0.1275017129453687	0.9917027839673758	0.0163982153709872	-0.9847071509798737	-0.1245886721284228	-0.1217763917447750	-0.1187229548364479	-0.0316741384828852	0.9924220921292862
DSC04084_geotag	77.1763473210091890	31.0979061965015970	2334.1327853075836000	2.1962299541511809	-6.5396166042592263	93.9461292600053780	-0.0683707332811539	0.9971967363428909	0.0303992081752842	-0.9911379668031131	-0.0644138015303578	-0.1161739770077593	-0.1138901821580286	-0.0380727093794851	0.9927635646056497
DSC04085_geotag	77.1760387200212960	31.0978891940115110	2314.2361490377266000	2.3603603960885793	-6.4336928028782481	92.8262306075926200	-0.0489965026615958	0.9981638075063071	0.0356139875813472	-0.9924935269459824	-0.0446559589317151	-0.1138527307630961	-0.1120532984666551	-0.0409250377690866	0.9928591035924190
DSC04086_geotag	77.1757656743867240	31.0977552579717620	2298.1661859654005000	0.3805767695135535	-10.8071598147101660	-174.4005023500867500	-0.9775767154526696	-0.0963325120315447	-0.1872533378353052	0.0958435815517243	-0.9953278246597889	0.0116845767296326	-0.1875040620362896	-0.0065244604148425	0.9822421586025445
DSC04087_geotag	77.1757892522265370	31.0974835997332550	2288.1782574347267000	2.1485240039917617	-6.5038733771271122	-176.7529152841520700	-0.9919690867060016	-0.0523624762795071	-0.1151325414361192	0.0562774515391559	-0.9979332149761331	-0.0310184928011809	-0.1132703821301913	-0.0372487519962361	0.9928657265747486
DSC04088_geotag	77.1759704893412960	31.0972662821306150	2282.7232725679805000	6.9526794548182913	-5.3247745711890468	-79.8399272878493780	0.1756376279788609	-0.9790621328468352	-0.1029017184665304	0.9800711067463465	0.1640443131442844	0.1120271799431367	-0.0928011280047350	-0.1205271892579679	0.9883628621567197
DSC04089_geotag	77.1762740050596110	31.0972947329257960	2295.3155211603603000	2.1476947615279554	-0.8591445488764378	-82.7827026893897510	0.1256186185260275	-0.9914505242314868	-0.0352961850732096	0.9919652879366909	0.1249870217233451	0.0195732452446273	-0.0149943392082006	-0.0374713544169153	0.9991852017468392
DSC04090_geotag	77.1765759128472550	31.0973228291047690	2312.5726217608030000	-1.0737592355834737	0.8960522906830475	-88.3960419238500920	0.0279872702678565	-0.9994408549125613	0.0182945411148433	0.9994859440525814	0.0276928359778236	-0.0161540854530919	0.0156384252491860	0.0187372454526827	0.9997021332819949
DSC04091_geotag	77.1768802655008700	31.0973467951518750	2326.8556249734729000	-2.2578944888298182	2.7857424306107084	-91.5675755544800300	-0.0273236140429852	-0.9987972838675304	0.0407112497287165	0.9984444607272677	-0.0292487527471323	-0.0474675605626884	0.0486012238391729	0.0393509364765437	0.9980427970982775
DSC04092_geotag	77.1771840108987990	31.0973697346822110	2342.8793159489542000	-2.2896742591246491	3.6356917211956312	-87.8206236389507350	0.0379515868887339	-0.9985751997199528	0.0375132984004829	0.9972655453278309	0.0354661657708374	-0.0648350459820930	0.0634122161307385	0.0398713128674268	0.9971906383714283
DSC04093_geotag	77.1774907406119440	31.0973892993857500	2360.2515648076446000	-2.4663859185701744	3.5123974685259212	-86.9700343234387960	0.0527589413045615	-0.9978163176938231	0.0397377686384375	0.9967262180681409	0.0501765401621637	-0.0633968534939741	0.0612645111626909	0.0429524267218381	0.9971969457989237
DSC04094_geotag	77.1778002989106820	31.0974119464804630	2377.5206386644568000	-2.5456481020163384	4.1525028489170248	-84.5784366124955510	0.0942349562522174	-0.9948479174233571	0.0373817364304013	0.9929130675749480	0.0911879592438580	-0.0762128357158253	0.0724114166347373	0.0442987278299252	0.9963905908094478
DSC04095_geotag	77.1781081393343410	31.0974334769352830	2394.3731365043373000	-3.1071427243405703	4.2660108813146520	-87.7638343584408740	0.0389104423301611	-0.9979268508788828	0.0512638056783438	0.9964700335107548	0.0349322265624707	-0.0763361766298492	0.0743871614779493	0.0540531205606479	0.9957634309236855
DSC04096_geotag	77.1784188791594520	31.0974446509315570	2412.2248672068336000	-2.5766351070327160	2.9257203694545861	-92.6273583892340330	-0.0457802350108322	-0.9978336596074505	0.0472457176552085	0.9976467106788096	-0.0480858195933230	-0.0488752966823722	0.0510412652086968	0.0448970122440344	0.9976868484336430
DSC04097_geotag	77.1779921236770860	31.0978009855361530	2407.5945203996826000	-5.1574933127753182	-0.3846934147963443	-18.3244591379295550	0.9492699531515735	-0.3125518963532377	0.0346102315739862	0.3143906434462513	0.9456377711465211	-0.0832329808098458	-0.0067141162532392	0.0898917007683964	0.9959289145194565
